19 19 1
17 19 1
15 19 1
13 19 1
11 19 1
9 19 1
7 19 1
5 19 1
3 19 0.916667
1 19 1
-1 19 1
-3 19 1
-5 19 1
-7 19 1
-9 19 1
-11 19 1
-13 19 1
-15 19 1
-17 19 1
19 17 1
17 17 1
15 17 1
13 17 1
11 17 1
9 17 0.863636
7 17 1
5 17 1
3 17 0.75
1 17 0.8
-1 17 0.941176
-3 17 0.578947
-5 17 0.730769
-7 17 1
-9 17 1
-11 17 0.823529
-13 17 1
-15 17 1
-17 17 1
19 15 1
17 15 1
15 15 1
13 15 0.909091
11 15 1
9 15 0.555556
7 15 0.28
5 15 0.777778
3 15 0.5
1 15 0.545455
-1 15 0.222222
-3 15 0.708333
-5 15 0.423077
-7 15 0.347826
-9 15 0.47619
-11 15 0.75
-13 15 0.769231
-15 15 1
-17 15 1
19 13 1
17 13 1
15 13 1
13 13 0.352941
11 13 0.526316
9 13 0.75
7 13 0.95
5 13 0.85
3 13 1
1 13 0.457143
-1 13 0.5
-3 13 1
-5 13 1
-7 13 0.607143
-9 13 0.944444
-11 13 0.590909
-13 13 0.318182
-15 13 0.434783
-17 13 1
19 11 1
17 11 1
15 11 1
13 11 0.619048
11 11 1
9 11 0.9
7 11 0.884615
5 11 0.692308
3 11 0.72
1 11 0.923077
-1 11 0.470588
-3 11 0.75
-5 11 1
-7 11 0.96
-9 11 0.892857
-11 11 1
-13 11 1
-15 11 0.733333
-17 11 1
19 9 1
17 9 1
15 9 0.647059
13 9 1
11 9 0.56
9 9 1
7 9 0.913043
5 9 0.851852
3 9 0.814815
1 9 0.84375
-1 9 0.565217
-3 9 0.916667
-5 9 1
-7 9 1
-9 9 0.678571
-11 9 0.708333
-13 9 1
-15 9 0.310345
-17 9 0.48
19 7 0.714286
17 7 1
15 7 0.52381
13 7 0.464286
11 7 0.451613
9 7 0.62963
7 7 0.5625
5 7 0.576923
3 7 0.69697
1 7 0.59375
-1 7 0.297297
-3 7 0.675
-5 7 0.733333
-7 7 0.5
-9 7 0.5625
-11 7 0.791667
-13 7 0.428571
-15 7 0.571429
-17 7 1
19 5 0.962963
17 5 0.8
15 5 0.461538
13 5 1
11 5 0.37931
9 5 0.392857
7 5 0.766667
5 5 0.807692
3 5 0.340426
1 5 0.297297
-1 5 0.324324
-3 5 0.306122
-5 5 0.351351
-7 5 0.264706
-9 5 0.727273
-11 5 0.514286
-13 5 0.52
-15 5 0.526316
-17 5 0.636364
19 3 1
17 3 0.526316
15 3 1
13 3 0.92
11 3 0.565217
9 3 0.216216
7 3 0.6875
5 3 0.333333
3 3 0.22449
1 3 0.323529
-1 3 0.341463
-3 3 0.265306
-5 3 0.305556
-7 3 0.583333
-9 3 0.454545
-11 3 0.615385
-13 3 0.521739
-15 3 0.388889
-17 3 0.28
19 1 1
17 1 0.347826
15 1 0.433333
13 1 0.638889
11 1 0.28125
9 1 0.25
7 1 0.375
5 1 0.514286
3 1 0.259259
1 1 0.444444
-1 1 0.18
-3 1 0.302326
-5 1 0.377778
-7 1 0.444444
-9 1 0.355556
-11 1 0.382353
-13 1 0.769231
-15 1 0.517241
-17 1 0.307692
19 -1 0.947368
17 -1 0.259259
15 -1 0.342857
13 -1 0.325581
11 -1 0.282609
9 -1 0.255319
7 -1 0.487179
5 -1 0.475
3 -1 0.382979
1 -1 0.302326
-1 -1 0.254902
-3 -1 0.313725
-5 -1 0.341463
-7 -1 0.289474
-9 -1 0.351351
-11 -1 0.24
-13 -1 0.392857
-15 -1 0.333333
-17 -1 0.421053
19 -3 0.6
17 -3 0.322581
15 -3 0.30303
13 -3 0.272727
11 -3 0.371429
9 -3 0.241379
7 -3 0.12
5 -3 0.34
3 -3 0.326087
1 -3 0.178571
-1 -3 0.27451
-3 -3 0.254902
-5 -3 0.36
-7 -3 0.186047
-9 -3 0.3
-11 -3 0.170213
-13 -3 0.433333
-15 -3 0.166667
-17 -3 0.264706
19 -5 0.548387
17 -5 0.703704
15 -5 0.814815
13 -5 0.2
11 -5 0.25
9 -5 0.448276
7 -5 0.257143
5 -5 0.203704
3 -5 0.302326
1 -5 0.27907
-1 -5 0.341463
-3 -5 0.282609
-5 -5 0.133333
-7 -5 0.393939
-9 -5 0.444444
-11 -5 0.204545
-13 -5 0.391304
-15 -5 0.666667
-17 -5 0.884615
19 -7 0.48
17 -7 0.757576
15 -7 0.787879
13 -7 0.586207
11 -7 0.481481
9 -7 0.216216
7 -7 0.135135
5 -7 0.227273
3 -7 0.244898
1 -7 0.101695
-1 -7 0.125
-3 -7 0.184211
-5 -7 0.27451
-7 -7 0.375
-9 -7 0.212121
-11 -7 0.407407
-13 -7 0.344828
-15 -7 1
-17 -7 0.904762
19 -9 0.444444
17 -9 0.809524
15 -9 0.666667
13 -9 0.866667
11 -9 0.565217
9 -9 0.526316
7 -9 0.4
5 -9 0.139535
3 -9 0.12069
1 -9 0.0943396
-1 -9 0.103448
-3 -9 0.0882353
-5 -9 0.177778
-7 -9 0.25
-9 -9 0.478261
-11 -9 0.45
-13 -9 0.5625
-15 -9 0.289474
-17 -9 0.925926
19 -11 0.413793
17 -11 0.777778
15 -11 1
13 -11 0.705882
11 -11 0.722222
9 -11 0.85
7 -11 0.75
5 -11 0.742857
3 -11 0.46
1 -11 0.162791
-1 -11 0.171429
-3 -11 0.244444
-5 -11 0.636364
-7 -11 0.722222
-9 -11 0.75
-11 -11 0.757576
-13 -11 0.595238
-15 -11 0.814815
-17 -11 0.928571
19 -13 0.275862
17 -13 0.4
15 -13 0.65625
13 -13 0.875
11 -13 0.727273
9 -13 0.589744
7 -13 0.711111
5 -13 0.594595
3 -13 0.625
1 -13 0.166667
-1 -13 0.142857
-3 -13 0.327273
-5 -13 0.868421
-7 -13 0.444444
-9 -13 0.896552
-11 -13 0.448276
-13 -13 0.625
-15 -13 0.641026
-17 -13 0.516129
19 -15 0.310345
17 -15 0.64
15 -15 0.5
13 -15 0.846154
11 -15 0.787879
9 -15 0.357143
7 -15 0.560976
5 -15 0.6
3 -15 0.547619
1 -15 0.2
-1 -15 0.0612245
-3 -15 0.148936
-5 -15 0.583333
-7 -15 0.709677
-9 -15 0.771429
-11 -15 0.571429
-13 -15 0.566667
-15 -15 0.619048
-17 -15 1
19 -17 0.45
17 -17 1
15 -17 0.4
13 -17 0.405405
11 -17 0.6
9 -17 0.888889
7 -17 0.282051
5 -17 0.447368
3 -17 0.5
1 -17 0.146341
-1 -17 0.0769231
-3 -17 0.238095
-5 -17 0.488372
-7 -17 0.571429
-9 -17 0.380952
-11 -17 0.325
-13 -17 0.703704
-15 -17 0.571429
-17 -17 0.551724
